2467 2467 2467 2467 2467
2467 2467 2467 2467 2467
2467 2467 2467 2467 2467
2467 2467 2467 2467 2467
2467 2467 2467 2467 2467
2467 2467 2467 2467 2467
2467 2467 2215 2215 2215
2215 2215 2215 2215 2215
2215 2215 2215 2215 2215
2215 2215 2215 2215 2215
2215 2215 2215 2215 2215
2215 2215 2215 2215 2215
2215 2215 2215 2215 2210
2210 2210 2210 2210 2210
2210 2210 2210 2210 2210
2210 2210 2210 2210 2210
2210 2210 2210 2210 2210
2210 2210 2210 2210 2210
2210 2210 2210 2210 2210
2210 2203 2203 2203 2203
2203 2203 2203 2203 2203
2203 2203 2203 2203 2203
2203 2203 2203 2203 2203
2203 2203 2203 2203 2203
2203 2203 2203 2203 2203
2203 2203 2203 2199 2199
2199 2199 2199 2199 2199
2199 2199 2199 2199 2199
2199 2199 2199 2199 2199
2199 2199 2199 2199 2199
2199 2199 2199 2199 2199
2199 2199 2199 2199 2199
2163 2163 2163 2163 2163
2163 2163 2163 2163 2163
2163 2163 2163 2163 2163
2163 2163 2163 2163 2163
2163 2163 2163 2163 2163
2163 2163 2163 2163 2163
2163 2163 2152 2152 2152
2152 2152 2152 2152 2152
2152 2152 2152 2152 2152
2152 2152 2152 2152 2152
2152 2152 2152 2152 2152
2152 2152 2152 2152 2152
2152 2152 2152 2152 2151
2151 2151 2151 2151 2151
2151 2151 2151 2151 2151
2151 2151 2151 2151 2151
2151 2151 2151 2151 2151
2151 2151 2151 2151 2151
2151 2151 2151 2151 2151
2151 2136 2136 2136 2136
2136 2136 2136 2136 2136
2136 2136 2136 2136 2136
2136 2136 2136 2136 2136
2136 2136 2136 2136 2136
2136 2136 2136 2136 2136
2136 2136 2136 2135 2135
2135 2135 2135 2135 2135
2135 2135 2135 2135 2135
2135 2135 2135 2135 2135
2135 2135 2135 2135 2135
2135 2135 2135 2135 2135
2135 2135 2135 2135 2135
2134 2134 2134 2134 2134
2134 2134 2134 2134 2134
2134 2134 2134 2134 2134
2134 2134 2134 2134 2134
2134 2134 2134 2134 2134
2134 2134 2134 2134 2134
2134 2134 2132 2132 2132
2132 2132 2132 2132 2132
2132 2132 2132 2132 2132
2132 2132 2132 2132 2132
2132 2132 2132 2132 2132
2132 2132 2132 2132 2132
2132 2132 2132 2132 2131
2131 2131 2131 2131 2131
2131 2131 2131 2131 2131
2131 2131 2131 2131 2131
2131 2131 2131 2131 2131
2131 2131 2131 2131 2131
2131 2131 2131 2131 2131
2131 2130 2130 2130 2130
2130 2130 2130 2130 2130
2130 2130 2130 2130 2130
2130 2130 2130 2130 2130
2130 2130 2130 2130 2130
2130 2130 2130 2130 2130
2130 2130 2130 2129 2129
2129 2129 2129 2129 2129
2129 2129 2129 2129 2129
2129 2129 2129 2129 2129
2129 2129 2129 2129 2129
2129 2129 2129 2129 2129
2129 2129 2129 2129 2129
2128 2128 2128 2128 2128
2128 2128 2128 2128 2128
2128 2128 2128 2128 2128
2128 2128 2128 2128 2128
2128 2128 2128 2128 2128
2128 2128 2128 2128 2128
2128 2128 2127 2127 2127
2127 2127 2127 2127 2127
2127 2127 2127 2127 2127
2127 2127 2127 2127 2127
2127 2127 2127 2127 2127
2127 2127 2127 2127 2127
2127 2127 2127 2127 2126
2126 2126 2126 2126 2126
2126 2126 2126 2126 2126
2126 2126 2126 2126 2126
2126 2126 2126 2126 2126
2126 2126 2126 2126 2126
2126 2126 2126 2126 2126
2126 2125 2125 2125 2125
2125 2125 2125 2125 2125
2125 2125 2125 2125 2125
2125 2125 2125 2125 2125
2125 2125 2125 2125 2125
2125 2125 2125 2125 2125
2125 2125 2125 2124 2124
2124 2124 2124 2124 2124
2124 2124 2124 2124 2124
2124 2124 2124 2124 2124
2124 2124 2124 2124 2124
2124 2124 2124 2124 2124
2124 2124 2124 2124 2124
2122 2122 2122 2122 2122
2122 2122 2122 2122 2122
2122 2122 2122 2122 2122
2122 2122 2122 2122 2122
2122 2122 2122 2122 2122
2122 2122 2122 2122 2122
2122 2122 2121 2121 2121
2121 2121 2121 2121 2121
2121 2121 2121 2121 2121
2121 2121 2121 2121 2121
2121 2121 2121 2121 2121
2121 2121 2121 2121 2121
2121 2121 2121 2121 2120
2120 2120 2120 2120 2120
2120 2120 2120 2120 2120
2120 2120 2120 2120 2120
2120 2120 2120 2120 2120
2120 2120 2120 2120 2120
2120 2120 2120 2120 2120
2120 2119 2119 2119 2119
2119 2119 2119 2119 2119
2119 2119 2119 2119 2119
2119 2119 2119 2119 2119
2119 2119 2119 2119 2119
2119 2119 2119 2119 2119
2119 2119 2119 2118 2118
2118 2118 2118 2118 2118
2118 2118 2118 2118 2118
2118 2118 2118 2118 2118
2118 2118 2118 2118 2118
2118 2118 2118 2118 2118
2118 2118 2118 2118 2118
2116 2116 2116 2116 2116
2116 2116 2116 2116 2116
2116 2116 2116 2116 2116
2116 2116 2116 2116 2116
2116 2116 2116 2116 2116
2116 2116 2116 2116 2116
2116 2116 2115 2115 2115
2115 2115 2115 2115 2115
2115 2115 2115 2115 2115
2115 2115 2115 2115 2115
2115 2115 2115 2115 2115
2115 2115 2115 2115 2115
2115 2115 2115 2115 2114
2114 2114 2114 2114 2114
2114 2114 2114 2114 2114
2114 2114 2114 2114 2114
2114 2114 2114 2114 2114
2114 2114 2114 2114 2114
2114 2114 2114 2114 2114
2114 2113 2113 2113 2113
2113 2113 2113 2113 2113
2113 2113 2113 2113 2113
2113 2113 2113 2113 2113
2113 2113 2113 2113 2113
2113 2113 2113 2113 2113
2113 2113 2113 2111 2111
2111 2111 2111 2111 2111
2111 2111 2111 2111 2111
2111 2111 2111 2111 2111
2111 2111 2111 2111 2111
2111 2111 2111 2111 2111
2111 2111 2111 2111 2111
2110 2110 2110 2110 2110
2110 2110 2110 2110 2110
2110 2110 2110 2110 2110
2110 2110 2110 2110 2110
2110 2110 2110 2110 2110
2110 2110 2110 2110 2110
2110 2110 2109 2109 2109
2109 2109 2109 2109 2109
2109 2109 2109 2109 2109
2109 2109 2109 2109 2109
2109 2109 2109 2109 2109
2109 2109 2109 2109 2109
2109 2109 2109 2109 2108
2108 2108 2108 2108 2108
2108 2108 2108 2108 2108
2108 2108 2108 2108 2108
2108 2108 2108 2108 2108
2108 2108 2108 2108 2108
2108 2108 2108 2108 2108
2108
