param zip_code_iterator{1..33};
# param distance_iterator{1..33}{1..33};

param income_median :=
1	96033,
2	92310,
3	102972,
4	31442,
5	60386,
6	69809,
7	30282,
8	80153,
9	51368,
10	36316,
11	28794,
12	28897,
13	45859,
14	43598,
15	44266,
16	51733,
17	64285,
18	42613,
19	80223,
20	69576,
21	62945,
22	76802,
23	33863,
24	52714,
25	54410,
26	51723,
27	68218,
28	23429,
29	68080,
30	106602,
31	61807,
32	30726,
33	130044;

param zip := 
1	2108,
2	2109,
3	2110,
4	2111,
5	2113,
6	2114,
7	2115,
8	2116,
9	2118,
10	2119,
11	2120,
12	2121,
13	2122,
14	2124,
15	2125,
16	2126,
17	2127,
18	2128,
19	2129,
20	2130,
21	2131,
22	2132,
23	2134,
24	2135,
25	2136,
26	2151,
27	2152,
28	2163,
29	2199,
30	2203,
31	2210,
32	2215,
33	2467;

